% Define cells LIP_MIP_HandEye

%% ------------------------------------------------------------------------
% 20211004

unitIdxLIP_Tin = [26 29 32 44 46 49 61 69 71 93 103 141 157 163 188,...
    205 212 220 221 249 253 256]; 
% Map maybe: 2 3 34 44 46 49 53 57 60 89 93 103 105 121 129 133 134 141 152 157 163
% 188 205 213 223 247 250 252 255 267 268 269 271 277 278 281
% Dots: 13, 15, 20, 25, 27, 46, 53, 58, 61!, 70!, 71!, 76!, 85?, 93?, 130?,
% 141? (meh), 156? (meh), 159, 212?, 221, 243?, 249 has weirdly high FR!, 253, 256, 258,  
% Dots: not 26, not 44, not 103, not 157, not 163, not 188, not 205
unitIdxLIP_Tin = [13 26 29 32 46 49 53 61 69 71 93 159 188,...
    212 220 221 249 253 256 258]; % 53?

unitIdxLIP_Tin_Gabe = [3 4 13 26 29 32 46 53 60 61 69 71 76 93 97 101 105 108,...
    133 148 153 172 211 212 221 246 247 249 253 255 256 258 260 267 268 278 281];

unitIdxLIP_Tout = [14 17 30 31 33 36 54 90 92 94 99 107 114 122,...
    149 161 164 210]; % not during dots: 36, 54, 59, 67, 68, 90, 92
% not during dots: 94, 95, 99, 107, 114, 122, 149, 161, 164
unitIdxLIP_Tout = [30 31 33 210]; % not during dots: 36, 54, 59, 67, 68, 90, 92
% not during dots: 94, 95, 99, 107, 114, 122, 149, 161, 164

% 23 28 33 80 85 87 91 94 107 165 241 261 279
% Dots not: not 14, not 17, not 54, not 59, not 67, not 68, not 90, not 92,
% not 94, not 95, not 107, not 114, not 122, not 149, not 161, not 164, not
% 165, not 261
% Dots: 33, 43, 48, 129, 131?, 210

unitIdx_DinRFcC = [22 26 40 45 49, 213 227]; % 76? 130? 161? 222?, 243?
unitIdx_DinRFiC = [30 31 65 129 252]; % 91?
unitIdx_DinRFnC = [203 267];

%% ------------------------------------------------------------------------
% 20211007

unitIdxLIP_Tin = [7 12 16 35 57 61 62 63 65 89 113 115 121]; % 53? 55? 89 super weak?, 
% 111! during dots, 115?
% only dots: 3, 11, 45?, 64, 66, 68, 69, 74, 126
% only map: 7, 12, 16, 35?
% onluy overlap: 18, 19, 21, 22, 41, 53!, 55!, (57!?), 96, 101, 110, 111!
% 115? 

unitIdxLIP_Tin_Gabe = [7 10 16 19 49 53 55 57 61 62 63 65 71 103 111 113 115 121 126];

unitIdxLIP_Tout = [48 58 72 77 81, 85 104 119]; % 72?
% only dots: 72, 96
% only map: 32?, 77, 80, 84, 104, 119
% only overlap: 43, 48, 52, 59?, 72, 74, 79, 85

unitIdx_DinRFcC = [93];
unitIdx_DinRFiC = [71];
unitIdx_DinRFnC = [];

























